Fold: 0, Accuracy: 0.957, Precision: 0.926056338028169, Recall: 0.9228070175438596
Fold: 1, Accuracy: 0.954, Precision: 0.9261992619926199, Recall: 0.9061371841155235
Fold: 2, Accuracy: 0.94, Precision: 0.9274809160305344, Recall: 0.8556338028169014
Fold: 3, Accuracy: 0.955, Precision: 0.9136212624584718, Recall: 0.935374149659864
Fold: 4, Accuracy: 0.921, Precision: 0.8721311475409836, Recall: 0.869281045751634
Averages: 0.9454 0.9130977852101557 0.8978466399775564